1 9 0 0
2 0 15 0
3 9 15 11
4 0 0 11
5 9 15 0
6 0 0 0
7 9 0 11
8 0 15 11
9 10 15 0
10 0 20 0
11 10 20 11
12 0 15 11
13 10 20 0
14 0 15 0
15 10 15 11
16 0 20 11

139 9 0 11
140 9 0 0

17 10 0 0
18 9 15 0
19 10 15 11
20 9 0 11
21 10 15 0
22 9 0 0
23 10 0 11
24 9 15 11
25 11 13 1
26 10 14 1
27 11 14 10
28 10 13 10
29 11 14 1
30 10 13 1
31 11 13 10
32 10 14 10
33 10 1 1
34 10 12 1
35 10 12 10
36 10 1 10
37 10 12 1
38 10 1 1
39 10 1 10
40 10 12 10
41 10.3 16 6
42 10 17 6
43 10.3 17 7
44 10 16 7 
45 10.3 17 6 
46 10 16 6 
47 10.3 16 7 
48 10 17 7
49 10.3 18 6 
50 10 19 6
51 10.3 19 7
52 10 18 7
53 10.3 19 6
54 10 18 6
55 10.3 18 7
56 10 19 7
57 10.3 16 4
58 10 17 4
59 10.3 17 5
60 10 16 5 
61 10.3 17 4 
62 10 16 4
63 10.3 16 5 
64 10 17 5
65 10.3 18 4
66 10 19 4
67 10.3 19 5
68 10 18 5
69 10.3 19 4
70 10 18 4
71 10.3 18 5
72 10 19 5
73 10.3 16 2
74 10 17 2
75 10.3 17 3
76 10 16 3
77 10.3 17 2 
78 10 16 2
79 10.3 16 3 
80 10 17 3
81 10.3 18 2
82 10 19 2
83 10.3 19 3
84 10 18 3
85 10.3 19 2
86 10 18 2
87 10.3 18 3
88 10 19 3
89 10.3 16 .5
90 10 19 .5
91 10.3 19 1.5
92 10 16 1.5
93 10.3 19 .5
94 10 16 .5
95 10.3 16 1.5
96 10 19 1.5
97 10 16 8
98 10 19 8
99 10 19 10
100 10 16 10

FACES: 
2 6 4 8.
8 4 6 2.
5 2 8 3.
3 8 2 5.
6 1 7 4.
4 7 1 6.
1 6 2 5.
5 2 6 1.
7 3 8 4.
4 8 3 7.
9 13 11 15.
13 10 16 11.
10 14 12 16.
14 9 15 12.
15 11 16 12.
9 14 10 13.
17 21 19 23.
21 18 24 19.
18 22 20 24.
22 17 23 20.
23 19 24 20.
17 22 18 21.
25 29 27 31.
29 26 32 27.
26 30 28 32.
30 25 31 28.
31 27 32 28.
25 30 26 29.
40 36 38 34.
41 45 43 47.
45 42 48 43.
42 46 44 48.
46 41 47 44.
47 43 48 44.
41 46 42 45.
49 53 51 55.
53 50 56 51.
50 54 52 56.
54 49 55 52.
55 51 56 52.
49 54 50 53.
57 61 59 63.
61 58 64 59.
58 62 60 64.
62 57 63 60.
63 59 64 60.
57 62 58 61.
65 69 67 71.
69 66 72 67.
66 70 68 72.
70 65 71 68.
71 67 72 68.
65 70 66 69.
73 77 75 79.
77 74 80 75.
74 78 76 80.
78 73 79 76.
79 75 80 76.
73 78 74 77.
81 85 83 87.
85 82 88 83.
82 86 84 88.
86 81 87 84.
87 83 88 84.
81 86 82 85.
89 93 91 95.
93 90 96 91.
90 94 92 96.
94 89 95 92.
95 91 96 92.
89 94 90 93.
97 98 99 100.